obj_scaled = 22.0781

total_cost [*] :=
2025 79365600000             2038           1.62866e+11
2026 83567500000             2039           1.71066e+11
2027 87958600000             2040           1.7939e+11
2028 92540300000             2041           1.886e+11
2029 97316800000             2042           1.97953e+11
2030           1.04352e+11   2043           2.07914e+11
2031           1.10594e+11   2044           2.18327e+11
2032           1.17349e+11   2045           2.2883e+11
2033           1.24133e+11   2046           2.40694e+11
2034           1.31331e+11   2047           2.52742e+11
2035           1.38752e+11   2048           2.64804e+11
2036           1.46861e+11   2049           2.78646e+11
2037           1.54848e+11   2050           2.92571e+11
;

total_emissions [*] :=
2025 312953000   2032 374560000   2039 394903000   2046 349510000
2026 324327000   2033 379240000   2040 396542000   2047 332714000
2027 336618000   2034 381822000   2041 395945000   2048 299877000
2028 349289000   2035 384352000   2042 387960000   2049 277905000
2029 362339000   2036 384508000   2043 385512000   2050 280832000
2030 376096000   2037 387620000   2044 386589000
2031 390084000   2038 396229000   2045 370014000
;

total_steel [*] :=
2025         1.44e+08   2034 223391000          2043 346553000
2026 151200000          2035 234561000          2044 363881000
2027 158760000          2036 246289000          2045 382075000
2028 166698000          2037 258603000          2046 401179000
2029 175033000          2038 271533000          2047 421238000
2030 183785000          2039 285110000          2048 442299000
2031 192974000          2040 299366000          2049 464414000
2032 202622000          2041 314334000          2050 487635000
2033 212754000          2042 330051000
;

